global m I

m = 1;
I = [1 0 0; 0 1 0; 0 0 1];