global m I g

m = 1;
I = [1 0 0; 0 1 0; 0 0 1];
g = 9.81;